user@user-ThinkPad-X1-Carbon:~/Documents/UI/final-zaslat$ time ./p
početna ploća:
3 2 2 4 
3 6 8 4 
5 6 1 1 
5 9 1 1 
7 0 0 10 
breadthFirstSearch: 1
Put unazad:
________________________1. korak:
3 2 2 4 
3 9 6 4 
5 10 6 8 
5 1 1 0 
7 1 1 0 
________________________2. korak:
3 2 2 4 
3 9 6 4 
5 10 6 8 
5 0 1 1 
7 0 1 1 
________________________3. korak:
3 2 2 4 
3 9 6 4 
5 0 6 8 
5 10 1 1 
7 0 1 1 
________________________4. korak:
3 2 2 4 
3 9 6 4 
5 0 6 8 
5 0 1 1 
7 10 1 1 
________________________5. korak:
3 2 2 4 
3 0 6 4 
5 9 6 8 
5 0 1 1 
7 10 1 1 
________________________6. korak:
3 2 2 4 
3 0 6 4 
5 0 6 8 
5 9 1 1 
7 10 1 1 
________________________7. korak:
3 2 2 4 
3 6 0 4 
5 6 0 8 
5 9 1 1 
7 10 1 1 
________________________8. korak:
3 2 2 4 
3 6 0 4 
5 6 8 0 
5 9 1 1 
7 10 1 1 
________________________9. korak:
3 2 2 4 
3 6 8 4 
5 6 0 0 
5 9 1 1 
7 10 1 1 
________________________10. korak:
3 2 2 4 
3 6 8 4 
5 6 1 1 
5 9 1 1 
7 10 0 0 
________________________11. korak:
3 2 2 4 
3 6 8 4 
5 6 1 1 
5 9 1 1 
7 0 10 0 
________________________12. korak:
3 2 2 4 
3 6 8 4 
5 6 1 1 
5 9 1 1 
7 0 0 10 
------------------------------------------početna ploća:
3 8 9 4 
3 2 2 4 
5 1 1 6 
5 1 1 6 
7 0 0 10 
breadthFirstSearch: 1
Put unazad:
________________________1. korak:
3 8 9 4 
3 2 2 4 
5 0 0 6 
5 1 1 6 
7 1 1 10 
________________________2. korak:
3 8 9 4 
3 2 2 4 
5 1 1 6 
5 1 1 6 
7 0 0 10 
------------------------------------------početna ploća:
3 2 2 4 
3 1 1 4 
5 1 1 6 
5 9 8 6 
7 0 0 10 
breadthFirstSearch: 0
Put unazad:

real	0m37,883s
user	0m37,381s
sys	0m0,016s

